6
1C13   1    6   13   20   22   21   14    8    3    9   15   24   32
1R12  13   24   15    9    8   14   21   22    20   13   6    1
2C10   30  19    6    12   7    8   15   23    22    30
3C12   18   5   1   2    3   10   25   34   35   36   29   18
3R12   18  29  36  35   34   25   10    3    2   1    5    18
4C9    38   37   36   31   23   24   25   26   27
4R9    27   26   25   24   23   31   36   37   38
5C7     2   12   13   19   29   37   39
5R7     39  37   29   19   13   12   2
6C7    30   31   35   33   25   16   17
6R7    17   16   25   33   35   31   30

